id list
571005324
893276370
658890971
650353457
270235364
942645434
601882848
716969973
266096841
815289866
588898771
524048924
871020542
125870625
870727183
366158185
355155658
384162388
611427975
214081529
951978948
151213708
459559234
765676439
228548223
680256093
196151778
229563370
235884874
105531445
816708080
223379587
279591642
921927652
380962719
763988980
709794210
708084885
506480487
798242815
818495562
959861298
889005459
449031867
535094986
975786171
895686285
368070960
285756266
754919744
548648632
711813499
541717472
899771054
670497196
103787233
230269750
286903827
728294473
213156567
169724992
481602028
682847130
575873367
679042365
744837340
965190303
284615313
203156202
381084495
149028250
937482573
627554547
637889034
183707435
127402496
961208194
623008315
722258009
969782310
220080747
726758146
512352198
324396882
328288447
591396659
917680153
799492849
698421745
278815660
834448879
475400780
926683920
914708277
100259966
337960436
644788607
988931243
778321690
208183942
648534182
908833962
420399958
571118254
434604998
697829469
139616159
184490188
730332158
567333099
457471335
211546150
189845151
464401790
401667234
352516970
363305858
623734290
284213390
693395763
535882644
462342312
959388581
613971828
110779763
911639681
488600822
572477573
954609580
887751708
238826913
595129028
740726347
613130643
701580705
346390134
687384322
127524019
536092925
355301627
642333422
265325379
426911677
856922003
916106112
353038483
566073331
420421906
620776453
984584838
733533348
945924284
951075744
170893428
870293776
569539797
573388269
645319252
192441658
461227030
770747258
992869234
769211863
475085226
415702579
900747719
362236141
331264180
522092808
507857348
883953981
557411416
810374160
565667211
680248530
436045138
280330093
788210325
155978977
776538861
552585569
876061191
112551253
471230660
384356342
448225556
594608737
906403052
526148087
222225071
201569023
278088992
527435318
195135951
104638535
129489714
429727141
548880444
153169105
438663068
776852934
652258411
706247291
987391783
489262329
359039906
556214267
789083555
662810337
859503810
513116916
572776015
922135753
762523416
527300184
221435925
753477367
685225146
939872146
219854419
128288546
735262435
257137263
538703439
732831689
164081641
806625748
544702135
167223531
994645934
903193561
391928539
939003142
373077908
976007104
813591794
477382848
142876183
546803698
532542908
424999415
826234900
415936776
647013534
417971593
918997687
708664797
475894067
157692752
193350947
665863120
362654313
226969085
337880987
881123581
554336246
997028377
698980861
830147016
332040694
873666248
158079069
116920606
704061307
215567367
930350032
950203596
633811785
401447996
508741969
541093305
282257998
665524703
953798991
228657287
884432822
239611113
217776604
803639085
218651892
303316620
234593124
147924710
445734954
168091911
306670375
751911707
803550573
485417303
811766576
662628591
832857543
987010111
279918064
837806214
424355415
267307102
793177949
375456398
330102534
733993268
327921032
807483316
360743293
966496826
191061380
159306659
125250338
133164978
808359708
206046710
726960350
515211980
558306616
252858582
553580927
922444880
620579058
695342695
477344446
901835578
752099480
733705820
129629803
476270932
211874261
668028245
698858260
502743864
626432924
718063255
355960596
803902572
786522505
273482773
482577420
575990395
822637969
282382246
267686119
912667092
799139172
863052392
755290168
385900041
153448421
748415733
241032766
801565923
935126858
197783716
480799870
420223486
304202899
845023586
755423157
762046296
970184193
715110903
449123456
917099704
970020385
456411519
633052738
113870118
118024619
588803887
714022274
284827520
303227712
521664727
851079325
379608136
137748802
100453410
530864376
292764264
125010908
955641366
150481021
926408720
477419176
484191055
208636209
803035898
605189031
112761121
242497469
382019177
384795732
439559427
601355282
164551881
739157217
240757113
526640995
805335083
147091848
424612855
798195206
603578813
850007325
762829177
652491803
809985391
186625507
108327242
303766900
783431945
354949902
141024945
844507653
193073745
197631603
349292805
719993047
722150218
984511495
428370922
316272137
758492102
196276698
499802176
802177478
804440335
364312254
626023885
931700273
446406188
618741994
346468726
957365201
587147929
909734833
115965635
988669193
930957824
755505298
184004908
320099454
669709526
454422982
232176785
618957079
752463895
892035572
869671991
665834652
801779904
595962103
220013528
788575249
216690165
495074069
867833732
335026003
948348066
210535202
472997524
989823232
410608794
665033363
983607131
424691958
574943364
973146443
157539634
725820112
871463358
264234305
514162643
513688971
929412721
771057042
700418460
562960393
142200872
143309932
969609501
444048353
806903531
144028844
884532128
496607174
545792878
228037624
295470827
630248621
982571744
107421888
447089718
106927054
677740714
720365538
261102484
876571995
359083231
489606695
150705016
522378837
251456115
216252796
644524713
960785729
959499239
321375584
438749238
638055986
343445709
515287155
501528701
487903126
922554087
248010007
958316203
684235914
664014681
473855457
478706250
806377831
134610996
275605772
233462984
597765254
159978171
217052595
106442403
576942662
444911779
884336475
986016653
208004216
262556539
472540813
102888607
356635093
106819035
269993027
745836858
738251026
300438294
166322954
882480510
366120683
691543297
643699290
464596467
911566806
451656587
412172768
325386303
889917859
952500754
649157185
618416345
378210297
878266313
304444120
730530025
587756883
647176472
809181868
119664027
266349796
790843164
341688115
724065269
925396102
405304595
629437908
807477375
116488130
510120116
964207659
644600712
156088294
378634118
134560855
188394555
327412932
271221273
310325629
952618025
347151514
154685068
110457273
278303400
629580855
977260102
824880695
741861207
161536397
172423205
526151629
927116328
550065280
827654951
823320428
784902932
691107122
589505927
402162387
315380798
543334216
662773430
342823416
103150517
422691275
879515045
612353647
700519083
732029126
826432270
440124466
104757112
585500107
848330307
676007561
548492443
686277990
574307072
771171628
189389663
670568827
487241006
466947021
211795125
755030237
324425663
954072950
145748634
450663462
810334996
590046859
716433516
465667846
446255653
799213195
217298264
308574657
806432639
591094788
967928368
223862192
805980107
167827188
124512862
942303472
485825014
472315351
490840150
218566596
653030524
143437821
243789594
619680385
464370551
236853616
803154022
321253335
364870644
590279497
812751168
488367617
978791220
706343834
494064663
131272674
250062148
923226127
262616036
802548918
958521401
908976611
585573686
791438048
348750816
272103762
493582010
478707773
801992864
871145320
486255536
764940312
560831787
171839364
877671410
701180436
905354910
766273715
190424473
700243433
417670979
410613925
677045601
223353084
580206653
556462605
595201007
459973168
415968224
367577489
325507275
495947709
476313494
922268724
728770667
765777662
424915777
971610982
653835572
229647992
809135583
499125044
790040623
962752704
224823495
761218379
708882280
311942015
237482714
710141936
435220453
894232920
756134093
786222907
688854051
815908148
630803894
993901918
899201731
896311439
365828361
473764806
742181577
702755627
443912512
257066681
661696299
332187866
777672803
693421844
246507188
649568410
932735376
165994643
433585807
230382442
694768427
753534432
558276860
521901830
912922734
327214142
452083195
554743805
342495778
120878344
915286493
208349566
174981410
126408476
699818568
845605861
307516538
189002085
336885917
843039462
933042474
190986635
851116291
483716497
384533534
572516552
941214364
608596388
257849631
384412177
508472395
713016842
475532650
361598718
277885748
674560312
142477722
135611164
904802534
220486979
254457097
684813895
222230161
641331088
685148143
519205178
155180090
369003321
418031670
429732150
773271134
771876646
125135994
761578188
